92.66666666666667
82.0
39.0
62.0
80.33333333333333
86.33333333333333
48.666666666666664
57.333333333333336
80.33333333333333
69.66666666666667
76.66666666666667
64.33333333333333
81.66666666666667
54.333333333333336
65.33333333333333
60.333333333333336
46.666666666666664
80.0
66.33333333333333
58.0
41.333333333333336
75.66666666666667
64.33333333333333
78.66666666666667
58.0
62.0
79.0
66.66666666666667
56.333333333333336
48.0
71.0
64.0
76.66666666666667
70.66666666666667
51.333333333333336
48.666666666666664
35.333333333333336
62.0
68.0
68.0
65.66666666666667
73.66666666666667
56.666666666666664
65.33333333333333
53.333333333333336
51.0
52.333333333333336
43.666666666666664
34.666666666666664
57.333333333333336
75.66666666666667
28.0
32.333333333333336
55.0
78.0
68.0
64.66666666666667
74.0
59.333333333333336
56.0
61.333333333333336
74.0
59.666666666666664
63.0
62.333333333333336
66.0
38.666666666666664
85.33333333333333
70.0
75.0
56.0
87.33333333333333
70.0
59.0
73.0
93.66666666666667
47.666666666666664
55.0
51.666666666666664
45.0
64.0
67.33333333333333
69.66666666666667
54.0
78.66666666666667
48.333333333333336
48.333333333333336
60.666666666666664
69.0
73.33333333333333
79.0
48.0
75.66666666666667
78.66666666666667
49.333333333333336
63.0
68.0
49.666666666666664
63.333333333333336
46.0
79.66666666666667
81.33333333333333
58.0
73.33333333333333
65.0
48.0
35.666666666666664
48.333333333333336
63.0
55.666666666666664
55.333333333333336
61.0
38.0
77.66666666666667
57.666666666666664
69.33333333333333
44.0
77.0
64.66666666666667
60.333333333333336
38.333333333333336
55.333333333333336
70.66666666666667
60.666666666666664
68.33333333333333
62.0
47.0
50.0
53.0
74.66666666666667
68.66666666666667
66.0
53.0
53.333333333333336
73.66666666666667
73.33333333333333
70.0
47.0
48.333333333333336
92.33333333333333
69.33333333333333
77.66666666666667
58.666666666666664
50.333333333333336
50.666666666666664
36.0
44.333333333333336
57.666666666666664
53.666666666666664
69.33333333333333
39.666666666666664
54.333333333333336
68.33333333333333
53.0
65.66666666666667
83.66666666666667
86.33333333333333
71.33333333333333
75.33333333333333
57.666666666666664
62.666666666666664
57.333333333333336
58.333333333333336
58.0
74.33333333333333
81.0
77.33333333333333
70.66666666666667
74.0
35.0
50.333333333333336
68.0
68.33333333333333
84.66666666666667
75.33333333333333
59.333333333333336
80.0
78.33333333333333
44.666666666666664
48.0
48.333333333333336
93.66666666666667
83.33333333333333
56.666666666666664
47.333333333333336
62.0
45.0
61.333333333333336
67.66666666666667
50.333333333333336
67.66666666666667
38.666666666666664
61.588541666666664 61.192708333333336 64.39583333333333 